ELM_mean: 0.00245
ELM_median: 0.000344
ELM_percentile_90: 0.00227
ELM_percentile_95: 0.00799
ELM_standart_deviation: 0.00817
EMM_mean: 0.00582
EMM_median: 0.000335
EMM_percentile_90: 0.00841
EMM_percentile_95: 0.0299
EMM_standart_deviation: 0.0213
