ELM_mean: 0.0356
ELM_median: 0.00242
ELM_percentile_90: 0.0415
ELM_percentile_95: 0.185
ELM_standart_deviation: 0.126
EMM_mean: 0.0365
EMM_median: 0.00382
EMM_percentile_90: 0.0999
EMM_percentile_95: 0.158
EMM_standart_deviation: 0.105
