ELM_mean: 0.00412
ELM_median: 0.00132
ELM_percentile_90: 0.00985
ELM_percentile_95: 0.0163
ELM_standart_deviation: 0.00975
EMM_mean: 0.00762
EMM_median: 0.00119
EMM_percentile_90: 0.0129
EMM_percentile_95: 0.0285
EMM_standart_deviation: 0.0231
