ELM_mean: 0.000373
ELM_median: 0.000157
ELM_percentile_90: 0.000792
ELM_percentile_95: 0.00159
ELM_standart_deviation: 0.000686
EMM_mean: 0.000351
EMM_median: 0.000136
EMM_percentile_90: 0.000745
EMM_percentile_95: 0.00117
EMM_standart_deviation: 0.000657
