ELM_mean: 0.0221
ELM_median: 0.00497
ELM_percentile_90: 0.025
ELM_percentile_95: 0.152
ELM_standart_deviation: 0.0619
EMM_mean: 0.0188
EMM_median: 0.00417
EMM_percentile_90: 0.0209
EMM_percentile_95: 0.138
EMM_standart_deviation: 0.0522
