ELM_mean: 0.00268
ELM_median: 0.00161
ELM_percentile_90: 0.00596
ELM_percentile_95: 0.0081
ELM_standart_deviation: 0.00357
EMM_mean: 0.00268
EMM_median: 0.00161
EMM_percentile_90: 0.00596
EMM_percentile_95: 0.0081
EMM_standart_deviation: 0.00357
