ELM_mean: 0.0168
ELM_median: 0.00127
ELM_percentile_90: 0.0375
ELM_percentile_95: 0.0895
ELM_standart_deviation: 0.0447
EMM_mean: 0.0207
EMM_median: 0.00128
EMM_percentile_90: 0.0523
EMM_percentile_95: 0.149
EMM_standart_deviation: 0.0552
