ELM_mean: 0.00243
ELM_median: 0.000648
ELM_percentile_90: 0.00348
ELM_percentile_95: 0.0134
ELM_standart_deviation: 0.00634
EMM_mean: 0.00667
EMM_median: 0.000611
EMM_percentile_90: 0.00613
EMM_percentile_95: 0.0372
EMM_standart_deviation: 0.0238
