ELM_mean: 0.000543
ELM_median: 0.000171
ELM_percentile_90: 0.00144
ELM_percentile_95: 0.00201
ELM_standart_deviation: 0.000927
EMM_mean: 0.000543
EMM_median: 0.000171
EMM_percentile_90: 0.00144
EMM_percentile_95: 0.00201
EMM_standart_deviation: 0.000927
