ELM_mean: 0.0013
ELM_median: 0.00066
ELM_percentile_90: 0.00306
ELM_percentile_95: 0.00412
ELM_standart_deviation: 0.00192
EMM_mean: 0.0013
EMM_median: 0.00066
EMM_percentile_90: 0.00306
EMM_percentile_95: 0.00412
EMM_standart_deviation: 0.00192
