ELM_mean: 0.00422
ELM_median: 0.000522
ELM_percentile_90: 0.00605
ELM_percentile_95: 0.0115
ELM_standart_deviation: 0.0226
EMM_mean: 0.00217
EMM_median: 0.000549
EMM_percentile_90: 0.0061
EMM_percentile_95: 0.0118
EMM_standart_deviation: 0.00436
