ELM_mean: 0.047
ELM_median: 0.00696
ELM_percentile_90: 0.0707
ELM_percentile_95: 0.264
ELM_standart_deviation: 0.144
EMM_mean: 0.0613
EMM_median: 0.00739
EMM_percentile_90: 0.205
EMM_percentile_95: 0.288
EMM_standart_deviation: 0.156
