ELM_mean: 0.00304
ELM_median: 0.000878
ELM_percentile_90: 0.00794
ELM_percentile_95: 0.013
ELM_standart_deviation: 0.00599
EMM_mean: 0.00304
EMM_median: 0.000878
EMM_percentile_90: 0.00794
EMM_percentile_95: 0.013
EMM_standart_deviation: 0.00599
