ELM_mean: 0.0142
ELM_median: 0.00084
ELM_percentile_90: 0.00703
ELM_percentile_95: 0.0419
ELM_standart_deviation: 0.0573
EMM_mean: 0.0133
EMM_median: 0.000857
EMM_percentile_90: 0.00414
EMM_percentile_95: 0.0438
EMM_standart_deviation: 0.0563
