ELM_mean: 0.00132
ELM_median: 0.00045
ELM_percentile_90: 0.00356
ELM_percentile_95: 0.00568
ELM_standart_deviation: 0.00221
EMM_mean: 0.00132
EMM_median: 0.00045
EMM_percentile_90: 0.00356
EMM_percentile_95: 0.00568
EMM_standart_deviation: 0.00221
