ELM_mean: 0.0329
ELM_median: 0.00343
ELM_percentile_90: 0.0412
ELM_percentile_95: 0.114
ELM_standart_deviation: 0.116
EMM_mean: 0.0322
EMM_median: 0.00541
EMM_percentile_90: 0.0672
EMM_percentile_95: 0.133
EMM_standart_deviation: 0.0973
