ELM_mean: 0.00373
ELM_median: 0.0013
ELM_percentile_90: 0.0071
ELM_percentile_95: 0.0138
ELM_standart_deviation: 0.00694
EMM_mean: 0.00426
EMM_median: 0.00142
EMM_percentile_90: 0.00843
EMM_percentile_95: 0.019
EMM_standart_deviation: 0.0086
