ELM_mean: 0.0207
ELM_median: 0.000637
ELM_percentile_90: 0.0209
ELM_percentile_95: 0.0436
ELM_standart_deviation: 0.0987
EMM_mean: 0.0243
EMM_median: 0.000742
EMM_percentile_90: 0.0648
EMM_percentile_95: 0.139
EMM_standart_deviation: 0.0687
