ELM_mean: 0.00611
ELM_median: 0.00331
ELM_percentile_90: 0.0128
ELM_percentile_95: 0.021
ELM_standart_deviation: 0.00849
EMM_mean: 0.00611
EMM_median: 0.00331
EMM_percentile_90: 0.0128
EMM_percentile_95: 0.021
EMM_standart_deviation: 0.00849
