ELM_mean: 0.0289
ELM_median: 0.00181
ELM_percentile_90: 0.0362
ELM_percentile_95: 0.125
ELM_standart_deviation: 0.111
EMM_mean: 0.0329
EMM_median: 0.00219
EMM_percentile_90: 0.0626
EMM_percentile_95: 0.108
EMM_standart_deviation: 0.134
