ELM_mean: 0.00102
ELM_median: 0.000376
ELM_percentile_90: 0.00207
ELM_percentile_95: 0.00294
ELM_standart_deviation: 0.00235
EMM_mean: 0.00115
EMM_median: 0.000365
EMM_percentile_90: 0.00179
EMM_percentile_95: 0.00378
EMM_standart_deviation: 0.00307
