ELM_mean: 0.000157
ELM_median: 7.94e-05
ELM_percentile_90: 0.000356
ELM_percentile_95: 0.000535
ELM_standart_deviation: 0.000201
EMM_mean: 0.000151
EMM_median: 8.09e-05
EMM_percentile_90: 0.000308
EMM_percentile_95: 0.00053
EMM_standart_deviation: 0.000198
