ELM_mean: 0.000799
ELM_median: 0.000314
ELM_percentile_90: 0.00193
ELM_percentile_95: 0.00304
ELM_standart_deviation: 0.00146
EMM_mean: 0.00624
EMM_median: 0.000327
EMM_percentile_90: 0.00254
EMM_percentile_95: 0.00616
EMM_standart_deviation: 0.0459
